51300001
51300004
51300015
51300038
51300050
51300080
51300082
51300096
51300098
51300122
51300169
51300197
51300225
51300234
51300237
51300241
51300257
51300278
51300279
51300294
51300305
51300327
51300328
51300333
51300334
51300343
51300366
51300380
51300381
51300388
51300414
51300421
51300456
51300459
51300468
51300480
51300492
51300505
51300526
51300532
51300553
51300585
51300587
51300593
51300595
51300604
51300610
51300622
51300624
51300626
51300628
51300649
51300665
51300678
51300684
51300692
51300701
51300703
51300723
51300737
51300740
51300748
51300758
51300771
51300791
51300792
51300801
51300851
51300854
51300893
51300902
51300904
51300913
51300924
51300942
51300947
51300959
51300972
51300983
51300985
51301012
51301036
51301046
51301050
51301051
51301061
51301082
51301155
51301167
51301171
51301182
51301221
51301244
51301253
51301269
51301271
51301284
51301314
51301347
51301376
51301387
51301397
51301411
51301451
51301464
51301470
51301482
51301491
51301515
51301518
51301539
51301600
51301607
51301622
51301653
51301696
51301826
51301851
51301874
51301903
51301905
51301906
51301941
51301974
51301979
51301983
51301989
51301999
51302030
51302065
51302111
51302131
51302134
51302144
51302155
51302172
51302215
51302247
51302272
51302307
51302309
51302318
51302323
51302348
51302383
51302400
51302430
51302443
51302452
51302470
51302490
51302520
51302535
51302567
51302576
51302627
51302678
51302690
51302695
51302707
51302712
51302714
51302751
51302755
51302760
51302837
51302853
51302869
51302917
51302922
51302990
51303000
51303011
51303017
51303058
51303070
51303073
51303077
51303078
51303080
51303094
51303097
51303100
51303108
51303142
51303143
51303163
51303173
51303181
51303186
51303187
51303192
51303210
51303213
51303221
51303225
51303233
51303264
51303268
51303276
51303307
51303334
51303339
51303386
51303392
51303399
51303406
51303421
51303433
51303436
51303451
51303474
51303475
51303504
51303509
51303511
51303513
51303514
51303567
51303574
51303576
51303580
51303592
51303658
51303672
51303674
51303682
51303694
51303740
51303742
51303743
51303775
51303799
51303811
51303824
51303827
51303834
51303840
51303844
51303859
51303862
51303865
51303876
51303901
51303919
51303947
51303952
51303969
51303998
51304002
51304012
51304114
51304119
51304163
51304198
51304229
51304322
51304339
51304364
51304367
51304369
51304375
51304392
51304415
51304455
51304486
51304505
51304508
51304509
51304522
51304523
51304557
51304572
51304583
51304584
51304672
51304680
51304688
51304720
51304725
51304750
51304761
51304765
51304766
51304801
51304862
51304867
51304884
51304920
51304928
51304957
51304962
51304978
51304979
51304998
51305019
51305028
51305033
51305044
51305086
51307005
51307129
51307132
51307135
51307707
51307713
51304979
51304998
51305004
51305019
51305028
51305033
51305044
51305063
51305086
51307005
51307060
51307129
51307132
51307135
51307713
